1.5916902
1.6360474
1.6248733
1.6288172
1.5890517
1.5353401
1.5041143
1.4381102
1.4042412
1.3578082
1.3377466
1.3366797
1.3182191
1.3225123
1.290825
1.2671733
1.2358946
1.1891564
1.1320848
1.0974478
1.0605811
1.0103906
0.9774761
0.962952
0.92241275
0.91997784
0.9092589
0.9228758
0.96038157
1.0166687
1.0787334
1.143631
1.2111202
1.2835524
1.345231
1.411119
1.457225
1.462493
1.4747944
1.4748616
1.4270916
1.3813331
1.2970456
1.196429
1.1263149
1.0401119
0.9487122
0.8899737
0.8419215
0.8148722
0.7914761
0.8119458
0.82662195
0.8468278
0.8853152
0.90707463
0.9257483
0.97850585
1.0069188
1.0364527
1.0332308
1.0708327
1.0762694
1.0939313
1.0965575
1.103514
1.1237651
1.1216381
1.1502231
1.1373025
1.1474937
1.1426766
1.1431239
1.1501104
1.1570745
1.150064
1.1877055
1.1983724
1.2228872
1.2285886
1.2268921
1.2331506
1.2246327
1.2242838
1.2086798
1.1854552
1.1750478
1.1410062
1.0922772
1.0820595
1.0307171
1.0149788
0.99268717
0.9744822
0.96953726
0.9955498
1.0042177
1.0309392
1.0783089
1.1276891
1.1526681
1.2087114
1.2855183
1.3736454
1.4297836
1.479381
1.4947673
1.4779311
1.4458667
1.3910912
1.3651268
1.3066859
1.2383552
1.1657195
1.0922493
1.0319157
0.97242874
0.8896479
0.84963405
0.8023898
0.75342035
0.7290574
0.69532347
0.7344062
0.7995703
0.88723487
0.9846307
1.0563788
1.1254611
1.2100173
1.2718668
1.2976454
1.3365198
1.3505687
1.3625032
1.34859
1.3376782
1.3083547
1.2632174
1.2453098
1.1998612
1.1627313
1.1030022
1.0633254
1.0027276
0.9586641
0.90735215
0.8912929
0.8493377
0.8431801
0.8546211
0.8527264
0.88700265
0.90878046
0.9581785
1.0066763
1.0341091
1.0668712
1.1006271
1.1165385
1.1333647
1.1095469
1.099899
1.0948237
1.0873978
1.0744745
1.059235
1.0662274
1.0727547
1.085558
1.0957919
1.1176586
1.1067379
1.1391793
1.1103717
1.098372
1.0786486
1.0353552
0.9918568
0.9294002
0.8803807
0.80078125
0.7664616
0.69535637
0.6686423
0.63129157
0.61194867
0.6155164
0.62809294
0.6469533
0.70340705
0.7493181
0.83067304
0.8561374
0.9298106
0.9966451
1.0549841
1.1405046
1.2424209
1.3348634
1.4307224
1.4930564
1.5112594
1.5381154
1.5336646
1.4827808
1.4296554
1.3305641
1.2709367
1.2040695
1.1611553
1.123412
1.1052203
1.0865134
1.0665708
1.0742116
1.0878258
1.1206582
1.1370945
1.1789047
1.2076126
1.2280668
1.2592068
1.2636825
1.2520187
1.2675225
1.2640446
1.2384722
1.2492491
1.2070881
1.1883541
1.1909131
1.1600575
1.1419486
1.1270056
1.098358
1.0847635
1.0651822
1.0482442
1.028561
1.0191795
1.0137829
0.99401593
0.9848554
0.98172075
0.9725307
0.97366756
0.96746546
0.9742316
0.97300917
0.97416896
0.98823494
1.0133765
1.0087734
1.0158728
1.0285906
1.0478438
1.0669141
1.0936453
1.1258135
1.1622258
1.1798297
1.2265749
1.237745
1.2484243
1.2397898
1.2156097
1.1656606
1.1187298
1.0521889
1.0085768
0.9550282
0.91844237
0.89071065
0.87098867
0.8511682
0.8303699
0.8351979
0.820703
0.8151437
0.8149378
0.7971526
0.77310205
0.75560445
0.7223289
0.69920784
0.6708977
0.63787997
0.60790837
0.58580726
0.57771575
0.609738
0.65905744
0.73260677
0.8501727
0.96150106
1.0665565
1.1257458
1.1722981
1.1733129
1.1588732
1.1142471
1.1119647
1.1612868
1.2234734
1.2963866
1.3503484
1.3968545
1.431634
1.419367
1.3702477
1.3091592
1.2270911
1.0609263
0.8866757
0.77570295
0.74752396
0.7256063
0.7130592
0.70278853
0.59833246
0.43076923
0.24984737
0.2781952
0.44106042
0.5243404
0.5700583
0.5504071
0.510674
0.45550963
0.3791679
0.3414563
0.30192053
0.3086185
0.3270537
0.37166896
0.4323603
0.53173804
0.6054813
0.6404582
0.6270596
0.62297034
0.60439676
0.554825
0.52224094
0.48709232
0.5057349
0.5458137
0.5682889
0.60225964
0.6092498
0.59545654
0.55421966
0.54029244
0.5473491
0.60603553
0.69365364
0.79061764
0.90878886
1.0385484
1.1188662
1.2267864
1.2974985
1.3675725
1.4121026
1.4308823
1.4664887
1.4383755
1.3389096
1.1913294
1.0506941
0.93715
0.903991
0.90478396
0.9750066
1.0871242
1.2025986
1.3662832
1.6993804
2.066229
2.4136705
2.9270718
3.383737
3.91423
4.481749
4.933736
5.5331874
6.1626587
6.765933
7.1915293
6.640024
5.8944445
5.1890545
4.4852886
3.7873406
3.0916631
2.4601996
2.096401
1.9035184
1.75773
