1.0027884
1.0062139
0.9948445
0.9829323
0.9702059
0.95096934
0.9313683
0.94044137
0.93609923
0.93786615
0.9228097
0.9254021
0.895111
0.9074951
0.911396
0.9078229
0.92386734
0.9586164
1.0022709
1.0360477
1.0407059
1.0912429
1.084869
1.1002111
1.0794333
1.0794333
1.0666924
1.0386292
1.0103076
0.99561876
0.9710548
0.9588312
0.9314011
0.9365962
0.9362133
0.93569976
0.94023854
0.94289625
0.9439637
0.92838997
0.93196607
0.9313683
0.9435434
0.92744446
0.9276583
0.94021416
0.93038476
0.92098904
0.9243049
0.9237682
0.90884763
0.9077557
0.902834
0.88902164
0.8780117
0.88612485
0.8940535
0.8933876
0.9029523
0.9062921
0.9328089
0.92228043
0.9350391
0.94597405
0.962096
0.9662108
0.9846462
1.0064641
1.0150615
1.0228932
1.0400679
1.0535295
1.0598758
1.0936174
1.1076268
1.1361346
1.1573118
1.1746972
1.1961292
1.2090143
1.2220321
1.2328413
1.2543746
1.278126
1.2946965
1.3012563
1.2974514
1.3136853
1.3398552
1.3571956
1.3778269
1.4057345
1.4138899
1.4090359
1.4504133
1.445096
1.4068738
1.3433241
1.2645032
1.144378
1.0447813
0.96082634
0.97807693
1.0154071
1.106986
1.2338495
1.4259257
1.6722765
1.9006466
2.0072842
1.9813083
1.8865772
1.8401299
1.9130498
2.053577
2.2200184
2.338213
2.3454194
2.3320575
2.241854
2.1902502
2.1315744
2.0992014
2.0662918
1.996109
1.8814708
1.710554
1.6221477
1.5235176
1.4583554
1.4672585
1.4939096
1.4817257
1.4408292
1.3896152
1.2488092
1.0935687
0.83002067
0.56256783
0.32464203
0.17768072
0.2015413
0.36043492
0.48525625
0.61621016
0.77340794
0.91220766
1.0715735
1.2499145
1.4133933
1.5074077
1.5317482
1.5019772
1.3942357
1.1910475
0.91547203
0.66802585
0.47244635
0.33847156
0.4263006
0.614375
0.8155367
1.0029938
1.1579973
1.2881744
1.3713887
1.4124969
1.4901255
1.5727544
1.6339803
1.5764756
1.4035456
1.2167577
1.0603796
0.9000495
0.7601145
0.61211073
0.5420124
0.4967085
0.4789738
0.4468859
0.44654435
0.40238166
0.32522905
0.3328116
0.37045586
0.48257604
0.8602091
1.1142745
1.1947124
0.972005
0.8052941
0.76815194
0.80034286
0.95928466
1.186536
1.3623184
1.4297996
1.3981156
1.2505004
1.0374311
0.8383071
0.6391704
0.51689595
0.5065188
0.5836152
0.61987644
0.6494016
0.6585363
0.65969384
0.7008753
0.860351
1.0107908
1.0119374
0.9533971
0.8007241
0.65421236
0.5125679
0.4387016
0.4420453
0.42470476
0.39354378
0.46536866
0.6163587
0.90044785
1.1243013
1.2053424
1.2842596
1.3770515
1.4968126
1.2522745
1.2944608
1.7290308
2.5583344
3.4541898
4.9463844
6.2947783
6.5883293
6.501251
5.442452
5.1172247
4.8064117
4.267224
4.0652747
3.831225
3.5576675
2.8007185
2.550922
2.2388163
1.9247985
1.5816164
1.1563424
0.9320643
0.91833436
0.9265391
0.91996956
0.9751865
0.96519953
0.90378
1.016451
1.0339469
1.0227588
1.1013478
1.2279426
1.3844723
1.4709352
1.5158012
1.5146481
1.474696
1.4030834
1.3292562
1.245757
1.1744308
1.0814247
1.0006559
0.8497059
0.7145769
0.6765034
0.6428245
0.6248413
0.63815504
0.6590921
0.7224768
0.8160698
0.82665884
0.8465935
0.8319854
0.86396146
1.0273808
1.0725911
1.0207578
0.9149802
0.8275628
0.6955429
0.6314245
0.62817794
0.64949554
0.70317924
0.7357969
0.75650257
0.73707116
0.7276957
0.7565429
0.7615785
0.7510369
0.7727763
0.80156213
0.82232827
0.812237
0.8612019
0.8854444
0.9050706
0.8988959
0.8912929
0.9027157
0.9379068
0.9368976
0.9540611
0.94609505
0.9491786
0.941236
0.973213
0.99545014
1.0210567
1.0163233
1.0011742
0.966495
0.96863186
0.9558267
0.9473039
0.92555046
0.9015063
0.8535849
0.8335978
0.80742294
0.82864994
0.8548978
0.8990657
0.8996934
0.9120571
0.87209165
0.93999505
0.9876017
1.03247
1.0719507
1.1177269
1.1684194
1.2082
1.2379917
1.2652572
1.275431
1.297175
1.3241669
1.3323978
1.3389152
1.3308394
1.3579936
1.3354348
1.3307935
1.2917231
1.2369065
1.2020656
1.1819618
1.1313635
1.139052
1.1109831
1.1206037
1.0947192
1.0811354
1.1086389
1.119057
1.1214544
1.0535802
1.0350088
1.0220052
0.99157214
0.98473144
0.97841233
0.9789112
0.97688276
0.9948905
0.93314415
0.97582
1.0005339
1.0409845
1.0325661
1.0496188
1.0736789
1.0363421
1.0063049
1.0138581
0.9552519
1.0090154
1.0630528
1.1073995
1.1142471
0.96744967
0.9067634
0.9149385
1.0250539
