1.0535729
1.0302434
0.9969283
0.9697733
0.9505842
0.95214796
0.9318924
0.92796254
0.9314666
0.9138538
0.9164632
0.9266626
0.96376777
1.0175912
1.0222814
1.0661844
1.1100006
1.1567316
1.2287935
1.2875406
1.3448056
1.3866802
1.4143754
1.441401
1.4147637
1.3697187
1.3447092
1.3090367
1.2990499
1.2820894
1.2495788
1.2118255
1.2110761
1.1877377
1.1523238
1.1267754
1.1420021
1.1312556
1.1263894
1.1124105
1.1088523
1.1132812
1.1466157
1.1834971
1.2184495
1.3151712
1.3206419
1.326665
1.3139175
1.2835642
1.253042
1.1960399
1.1635447
1.1531512
1.1398622
1.1085907
1.1042119
1.0898157
1.0696921
1.054
1.0178237
0.97173023
0.9441981
0.91137093
0.8665362
0.83906215
0.8370138
0.8323613
0.82864076
0.84777325
0.87476456
0.8823803
0.9106339
0.94114685
0.97326005
0.98997813
1.0016694
1.0274403
1.0475307
1.0497934
1.065397
1.057238
1.0477637
1.0307838
1.0046052
1.0040355
0.96804094
0.9660844
0.9205665
0.91204035
0.8887298
0.8665714
0.8425284
0.8104786
0.79178447
0.77004665
0.7623595
0.7534608
0.76288974
0.72591114
0.76790357
0.7775302
0.78942984
0.81442267
0.8465935
0.8938231
0.9358873
0.95481247
0.974944
1.0166537
1.002507
1.0341535
1.0378135
1.0483024
1.0587595
1.0505779
1.040574
1.0347803
1.0390551
1.0341607
1.0237432
0.9887443
1.0130526
1.0044457
1.0282271
1.0293099
1.0461241
1.0578223
1.0248753
1.0211463
0.97203636
0.9084782
0.8730971
0.8033875
0.7228568
0.6416484
0.5580472
0.50519156
0.4761621
0.4771065
0.49172226
0.50330025
0.53349996
0.5786526
0.61601204
0.63931364
0.64220697
0.63274014
0.58121794
0.53304213
0.49456888
0.31379128
0.18405029
0.24819294
0.41703677
0.5991352
0.7994558
0.9738635
1.1383284
1.2945079
1.4066026
1.5252843
1.6760908
1.8688824
2.0181859
2.1657295
2.1663213
2.0932982
2.0074668
1.8411412
1.7098179
1.5501367
1.3474298
1.1242199
0.91601354
0.74586874
0.54579973
0.39595968
0.34644717
0.3718126
0.5077073
0.70470744
0.8490951
0.98359966
1.0770063
1.1135074
1.0925286
0.92600375
0.694544
0.4906816
0.43401584
0.531092
0.7073333
0.83343303
0.91907346
0.95983326
0.9358139
0.91588026
0.88268286
0.8389439
0.81570506
0.81063867
0.7914182
0.7953225
0.80299807
0.8355815
0.8327645
0.8674162
0.8320496
0.8574107
0.84355104
0.8415499
0.8719429
0.91277623
0.984375
1.0842289
1.2382443
1.4287534
1.6397179
1.9123119
2.135965
2.2643383
2.5128758
2.8152575
3.1727793
3.5740137
3.9717498
4.1270304
4.25337
4.311442
4.175169
3.888842
3.5692952
3.5296206
3.6547432
3.7402258
3.5937967
3.3221893
3.0226476
2.7798178
2.494883
2.235587
2.1662648
2.0863984
1.9214065
1.6596277
1.3417784
1.0688431
0.82824475
0.65729547
0.5654221
0.5561984
0.54896367
0.7032118
0.8272493
0.87480813
0.90724283
1.0297767
1.2403498
1.4886144
1.6913296
1.8107945
1.8831245
1.875057
1.8944105
1.93113
1.901686
1.8312273
1.7340671
1.6183665
1.575425
1.6343818
1.6780925
1.5378624
1.2727064
1.0680147
1.0881063
1.1632233
1.1927375
1.0952139
0.97673434
0.7884531
0.6064382
0.47672257
0.48346058
0.3803733
0.2438201
0.12961453
0.31179118
0.45641318
0.50608176
0.59297854
0.6618414
0.7358487
0.80034286
0.8843408
0.9423863
0.9820238
1.0084709
1.0407939
1.0982399
1.1430371
1.1544671
1.1855581
1.2306485
1.2624925
1.2709787
1.2811726
1.2731379
1.2665229
1.1933961
1.0898788
1.0033894
0.9514024
0.9079574
0.87706405
0.92241275
0.8446718
0.8584512
0.9148134
0.9680567
1.0095598
1.0552226
1.0613073
1.0897037
1.0888282
1.1395944
1.2158042
1.2374245
1.2513299
1.2755506
1.2512323
1.2602606
1.2274703
1.2567445
1.2449483
1.2544477
1.2767224
1.2940364
1.303014
1.2978277
1.2890565
1.2735693
1.2889501
1.2574182
1.237739
1.1952487
1.1629478
1.1126986
1.0856283
1.0573462
1.0421199
1.0100659
0.99610144
0.9824976
0.97973704
0.94487655
0.94461817
0.9550282
0.9595789
0.9527247
0.9513062
0.9478111
0.94490886
0.93649846
0.91989493
0.93419826
0.91910666
0.92866933
0.91930586
0.9348269
0.9331769
0.9526366
0.9579237
0.96961594
0.9771951
0.9880342
1.0047647
1.0023851
1.0159254
1.0209446
1.0233108
1.0312278
1.0119072
1.0118997
1.0048862
0.99908406
0.9753743
0.9789892
0.9732208
0.9581785
0.96456695
0.9533891
0.95766085
0.96828526
0.94683665
0.9719343
0.9561779
0.96860033
0.97116476
